my.point.lon=114.061103
my.point.lat=22.547388